0.000000000000000000e+00 -2.120918300000000439e-04
1.273330000000000017e-01 6.829786979999999137e-04
2.546669999999999767e-01 1.464302400000000361e-04
3.820000000000000062e-01 -6.005408400000002145e-05
5.093330000000000357e-01 -2.717806850000000852e-04
6.366669999999999829e-01 -3.484765850000000635e-04
7.640000000000000124e-01 -5.544014799999999726e-04
8.913330000000000419e-01 6.854632549999999363e-04
1.018669999999999964e+00 0.000000000000000000e+00
1.145999999999999908e+00 3.726382897499973534e-01
1.273330000000000073e+00 2.003452200000004346e+00
1.400670000000000082e+00 1.611846250000000147e+00
1.528000000000000025e+00 1.027016000000000373e+00
1.655329999999999968e+00 9.210659500000001332e-01
1.782669999999999977e+00 8.766991000000028400e-01
1.909999999999999920e+00 8.593631000000008235e-01
2.037329999999999863e+00 8.390400351474995855e-01
2.164670000000000094e+00 8.157918529005052655e-01
2.291999999999999815e+00 7.940685284996160664e-01
2.419329999999999981e+00 7.737908055509665761e-01
2.546670000000000211e+00 7.548813485303198512e-01
2.673999999999999932e+00 7.372647687368750757e-01
2.801330000000000098e+00 7.208676502470767744e-01
2.928669999999999884e+00 7.056185758684231368e-01
3.056000000000000050e+00 6.914481530932744535e-01
3.183330000000000215e+00 6.782890400526617736e-01
3.310670000000000002e+00 6.660759714700954515e-01
3.438000000000000167e+00 6.547457846153741379e-01
3.565329999999999888e+00 6.442374452583923272e-01
3.692670000000000119e+00 6.344920736229501257e-01
3.819999999999999840e+00 6.254529703405607988e-01
3.947330000000000005e+00 6.170656424042599841e-01
4.074670000000000236e+00 6.092778291224139053e-01
4.201999999999999957e+00 6.020395280725283627e-01
4.329329999999999679e+00 5.953030210550567247e-01
4.456669999999999909e+00 5.890229000472086973e-01
4.583999999999999631e+00 5.831560931567592032e-01
4.711330000000000240e+00 5.776618905758565958e-01
4.838669999999999582e+00 5.725019705348310950e-01
4.966000000000000192e+00 5.676404252560041108e-01
5.093329999999999913e+00 5.630437869074957913e-01
5.220670000000000144e+00 5.567523091251607159e-01
5.347999999999999865e+00 5.528844291408229195e-01
5.475329999999999586e+00 5.490405465877662428e-01
5.602669999999999817e+00 5.451336013605622144e-01
5.730000000000000426e+00 5.413190855944510771e-01
5.857330000000000148e+00 5.375870376559938046e-01
5.984670000000000378e+00 5.338650968117562012e-01
6.112000000000000099e+00 5.303733688795665424e-01
6.239329999999999821e+00 5.270149720784895742e-01
6.366670000000000051e+00 5.239507102767547719e-01
6.493999999999999773e+00 5.208283828017484796e-01
6.621330000000000382e+00 5.178043262028378946e-01
6.748669999999999725e+00 5.148587356482932087e-01
6.876000000000000334e+00 5.120455577294859006e-01
7.003330000000000055e+00 5.094025148705112471e-01
7.130670000000000286e+00 5.067983554853545680e-01
7.258000000000000007e+00 5.041867266374712164e-01
7.385329999999999728e+00 5.018867775176483192e-01
7.512669999999999959e+00 4.997008946521353523e-01
7.639999999999999680e+00 4.976634398645888857e-01
7.767330000000000290e+00 4.956393597693755093e-01
7.894669999999999632e+00 4.933736735941985918e-01
8.022000000000000242e+00 4.911399073678740512e-01
8.149330000000000851e+00 4.889204783872513338e-01
8.276669999999999305e+00 4.869503297717092671e-01
8.403999999999999915e+00 4.849925646650642408e-01
8.531330000000000524e+00 4.830216670681519719e-01
8.658670000000000755e+00 4.810648208475071241e-01
8.785999999999999588e+00 4.791970645148992958e-01
8.913330000000000197e+00 4.773813512803125603e-01
9.040670000000000428e+00 4.754984359072837452e-01
9.167999999999999261e+00 4.737630969087563426e-01
9.295329999999999870e+00 4.720907852068810251e-01
9.422670000000000101e+00 4.703944701299537789e-01
9.550000000000000711e+00 4.690722779732378056e-01
9.677329999999999544e+00 4.675043861899049191e-01
9.804669999999999774e+00 4.658731068643092721e-01
9.932000000000000384e+00 4.642922101142905600e-01
1.005930000000000035e+01 4.628139241286021166e-01
1.018670000000000009e+01 4.613372320123875214e-01
1.031400000000000006e+01 4.600015838866864937e-01
1.044130000000000003e+01 4.585305925240251712e-01
1.056869999999999976e+01 4.572954540408158963e-01
1.069599999999999973e+01 4.558710656420049134e-01
1.082329999999999970e+01 4.546775746807434349e-01
1.095069999999999943e+01 4.533362581927278812e-01
1.107799999999999940e+01 4.519480919962443610e-01
1.120529999999999937e+01 4.506298526984718888e-01
1.133270000000000088e+01 4.496397460214754949e-01
1.146000000000000085e+01 4.483586778053028632e-01
1.158730000000000082e+01 4.469733368026949649e-01
1.171470000000000056e+01 4.457898862054067712e-01
1.184200000000000053e+01 4.448574682794546598e-01
1.196930000000000049e+01 4.436887025159874653e-01
1.209670000000000023e+01 4.424691545165521656e-01
1.222400000000000020e+01 4.412777691721904705e-01
1.235130000000000017e+01 4.402514227048125450e-01
1.247869999999999990e+01 4.392037099181935189e-01
1.260599999999999987e+01 4.381994290528219427e-01
1.273329999999999984e+01 4.371985169674331706e-01
1.286069999999999958e+01 4.364661897751085928e-01
1.298799999999999955e+01 4.355992927630747968e-01
1.311529999999999951e+01 4.348035408078698150e-01
1.324269999999999925e+01 4.340168006007441015e-01
1.336999999999999922e+01 4.334320014243959185e-01
1.349729999999999919e+01 4.327138037141991522e-01
1.362470000000000070e+01 4.321135969680218181e-01
1.375200000000000067e+01 4.316186640691071497e-01
1.387930000000000064e+01 4.311874920414556223e-01
1.400670000000000037e+01 4.308637271798116952e-01
1.413400000000000034e+01 4.303764868516407049e-01
1.426130000000000031e+01 4.299072561432961126e-01
1.438870000000000005e+01 4.294891400085946720e-01
1.451600000000000001e+01 4.292724968857530854e-01
1.464329999999999998e+01 4.288896775238877357e-01
1.477069999999999972e+01 4.283708592137722704e-01
1.489799999999999969e+01 4.280071964017994057e-01
1.502529999999999966e+01 4.276606124167104395e-01
1.515269999999999939e+01 4.271730130440031803e-01
1.527999999999999936e+01 4.267298743941473904e-01
1.540729999999999933e+01 4.262749033954466582e-01
1.553470000000000084e+01 4.258177629773272077e-01
1.566200000000000081e+01 4.252574480072516816e-01
1.578930000000000078e+01 4.246760563437064206e-01
1.591670000000000051e+01 4.240224638783353095e-01
1.604400000000000048e+01 4.232646004557386044e-01
1.617129999999999868e+01 4.225086028862459209e-01
1.629870000000000019e+01 4.216469237262315262e-01
1.642599999999999838e+01 4.207468190322110058e-01
1.655330000000000013e+01 4.197639520715214512e-01
1.668070000000000164e+01 4.188798909018137673e-01
1.680799999999999983e+01 4.179483876764912842e-01
1.693530000000000157e+01 4.170924216520590089e-01
1.706269999999999953e+01 4.163637025403809644e-01
1.719000000000000128e+01 4.158982681976796103e-01
1.731729999999999947e+01 4.149583816800169189e-01
1.744470000000000098e+01 4.140090950108454848e-01
1.757199999999999918e+01 4.130535320273305833e-01
1.769930000000000092e+01 4.120947443881147754e-01
1.782669999999999888e+01 4.111356624801401072e-01
1.795400000000000063e+01 4.101790463254696983e-01
1.808129999999999882e+01 4.092274364881098858e-01
1.820870000000000033e+01 4.082831049808320345e-01
1.833599999999999852e+01 4.073480061719944034e-01
1.846330000000000027e+01 4.064237276923641229e-01
1.859069999999999823e+01 4.055114413419390607e-01
1.871799999999999997e+01 4.046118539967697991e-01
1.884530000000000172e+01 4.037251585157813905e-01
1.897269999999999968e+01 4.028509846475954448e-01
1.910000000000000142e+01 4.019883499373518854e-01
1.922729999999999961e+01 4.011356106335310368e-01
1.935470000000000113e+01 4.002904125947753244e-01
1.948199999999999932e+01 3.994496421967112521e-01
1.960930000000000106e+01 3.986093772387713785e-01
1.973669999999999902e+01 3.977648378510162397e-01
1.986400000000000077e+01 3.969103374009560481e-01
1.999129999999999896e+01 3.960392334003728365e-01
2.011870000000000047e+01 3.951438784121423797e-01
2.024599999999999866e+01 3.942155709570557276e-01
